# unix_time, cycles_done, cur_path, paths_total, pending_total, pending_favs, map_size, unique_crashes, unique_hangs, max_depth, execs_per_sec
1635773711, 0, 0, 1, 1, 1, 3.14%, 0, 0, 1, 21.33
1635773762, 0, 0, 3, 3, 1, 3.23%, 0, 0, 2, 21.73
1635773767, 0, 0, 11, 11, 1, 3.26%, 0, 0, 2, 21.72
1635773772, 0, 0, 22, 22, 1, 3.26%, 0, 0, 2, 21.36
1635773777, 0, 0, 27, 27, 1, 3.32%, 0, 0, 2, 21.49
1635773782, 0, 0, 39, 39, 1, 3.44%, 0, 0, 2, 21.28
1635773788, 0, 0, 47, 47, 1, 3.51%, 0, 0, 2, 21.25
1635773793, 0, 0, 50, 50, 1, 3.52%, 0, 0, 2, 21.24
1635773798, 0, 0, 52, 52, 1, 3.52%, 0, 0, 2, 21.21
1635773803, 0, 0, 60, 60, 1, 3.53%, 0, 0, 2, 21.23
1635773808, 0, 0, 70, 70, 1, 3.54%, 0, 0, 2, 21.23
1635773814, 0, 0, 78, 78, 1, 3.55%, 1, 0, 2, 21.21
1635773819, 0, 0, 81, 81, 1, 3.55%, 1, 0, 2, 21.51
1635773824, 0, 0, 88, 88, 1, 3.56%, 1, 0, 2, 21.29
1635773829, 0, 0, 96, 96, 1, 3.57%, 1, 0, 2, 21.22
1635773834, 0, 0, 104, 104, 1, 3.58%, 1, 0, 2, 21.24
1635773839, 0, 0, 110, 110, 1, 3.59%, 1, 0, 2, 21.13
1635773845, 0, 0, 113, 113, 1, 3.59%, 1, 0, 2, 21.18
1635773850, 0, 0, 115, 115, 1, 3.59%, 1, 0, 2, 21.13
1635773855, 0, 0, 118, 118, 1, 3.59%, 1, 0, 2, 21.08
1635773860, 0, 0, 121, 121, 1, 3.59%, 1, 0, 2, 21.14
1635773865, 0, 0, 123, 123, 1, 3.59%, 1, 0, 2, 20.87
1635773871, 0, 0, 125, 125, 1, 3.59%, 1, 0, 2, 21.07
1635773876, 0, 0, 128, 128, 1, 3.59%, 1, 0, 2, 21.15
1635773912, 0, 0, 129, 129, 1, 3.59%, 1, 0, 2, 21.17
1635773922, 0, 0, 130, 130, 1, 3.59%, 1, 0, 2, 21.18
1635773933, 0, 0, 133, 133, 1, 3.59%, 1, 0, 2, 21.14
1635773943, 0, 0, 135, 135, 1, 3.59%, 1, 0, 2, 21.19
1635773948, 0, 0, 136, 136, 1, 3.62%, 1, 0, 2, 21.21
1635773964, 0, 0, 138, 138, 1, 3.62%, 1, 0, 2, 21.22
1635773969, 0, 0, 139, 139, 1, 3.62%, 1, 0, 2, 21.22
1635773979, 0, 0, 140, 140, 1, 3.62%, 1, 0, 2, 21.07
1635774042, 0, 0, 141, 141, 1, 3.62%, 1, 0, 2, 21.03
1635774068, 0, 0, 142, 142, 1, 3.62%, 1, 0, 2, 21.20
1635774078, 0, 0, 143, 143, 1, 3.62%, 1, 0, 2, 21.22
1635774088, 0, 0, 144, 144, 1, 3.65%, 1, 0, 2, 20.53
1635774151, 0, 0, 145, 145, 1, 3.65%, 1, 0, 2, 21.22
1635774156, 0, 0, 146, 146, 1, 3.65%, 1, 0, 2, 20.12
1635774275, 0, 0, 148, 148, 1, 3.65%, 1, 0, 2, 21.20
1635774291, 0, 0, 149, 149, 1, 3.65%, 1, 0, 2, 21.21
1635774296, 0, 0, 150, 150, 1, 3.65%, 1, 0, 2, 21.21
1635774301, 0, 0, 151, 151, 1, 3.65%, 1, 0, 2, 21.22
1635774311, 0, 0, 153, 153, 1, 3.65%, 1, 0, 2, 21.21
1635774316, 0, 0, 155, 155, 1, 3.65%, 1, 0, 2, 21.22
1635774327, 0, 0, 156, 156, 1, 3.65%, 1, 0, 2, 21.24
1635774337, 0, 0, 157, 157, 1, 3.65%, 1, 0, 2, 21.22
1635774348, 0, 0, 161, 161, 1, 3.65%, 1, 0, 2, 21.35
1635774353, 0, 0, 166, 166, 1, 3.65%, 1, 0, 2, 21.33
1635774358, 0, 0, 168, 168, 1, 3.65%, 1, 0, 2, 21.27
1635774363, 0, 0, 173, 173, 1, 3.66%, 1, 0, 2, 21.24
1635774368, 0, 0, 175, 175, 1, 3.66%, 1, 0, 2, 21.24
1635774373, 0, 0, 176, 176, 1, 3.66%, 1, 0, 2, 21.24
1635774384, 0, 0, 177, 177, 1, 3.66%, 1, 0, 2, 21.25
1635774389, 0, 0, 178, 178, 1, 3.66%, 1, 0, 2, 21.24
1635774394, 0, 0, 180, 180, 1, 3.67%, 1, 0, 2, 21.25
1635774399, 0, 0, 182, 182, 1, 3.67%, 1, 0, 2, 21.25
1635774410, 0, 0, 184, 184, 1, 3.67%, 1, 0, 2, 21.25
1635774425, 0, 0, 185, 185, 1, 3.67%, 1, 0, 2, 21.24
1635774430, 0, 0, 186, 186, 1, 3.67%, 1, 0, 2, 21.23
1635774436, 0, 0, 187, 187, 1, 3.67%, 1, 0, 2, 21.23
1635774441, 0, 0, 188, 188, 1, 3.67%, 1, 0, 2, 21.21
1635774451, 0, 0, 189, 189, 1, 3.67%, 1, 0, 2, 21.21
1635774467, 0, 0, 191, 191, 1, 3.68%, 1, 0, 2, 21.18
1635774493, 0, 0, 193, 193, 1, 3.68%, 1, 0, 2, 21.20
1635774498, 0, 0, 195, 195, 1, 3.68%, 1, 0, 2, 21.21
1635774503, 0, 0, 197, 197, 1, 3.68%, 1, 0, 2, 21.20
1635774508, 0, 0, 199, 199, 1, 3.68%, 1, 0, 2, 21.12
1635774513, 0, 0, 203, 203, 1, 3.68%, 1, 0, 2, 21.17
1635774519, 0, 0, 204, 204, 1, 3.68%, 1, 0, 2, 21.19
1635774524, 0, 0, 205, 205, 1, 3.68%, 1, 0, 2, 21.21
1635774534, 0, 0, 206, 206, 1, 3.68%, 1, 0, 2, 21.20
1635774550, 0, 0, 208, 208, 1, 3.68%, 1, 0, 2, 21.22
1635774576, 0, 0, 209, 209, 1, 3.68%, 1, 0, 2, 21.22
1635774591, 0, 0, 211, 211, 1, 3.68%, 1, 0, 2, 21.25
1635774596, 0, 0, 212, 212, 1, 3.68%, 1, 0, 2, 21.23
1635774617, 0, 0, 215, 215, 1, 3.68%, 1, 0, 2, 21.23
1635774622, 0, 0, 217, 217, 1, 3.69%, 1, 0, 2, 21.24
1635774627, 0, 0, 219, 219, 1, 3.69%, 1, 0, 2, 21.24
1635774633, 0, 0, 220, 220, 1, 3.69%, 1, 0, 2, 21.22
1635774638, 0, 0, 223, 223, 1, 3.69%, 1, 0, 2, 21.23
1635774643, 0, 0, 225, 225, 1, 3.69%, 1, 0, 2, 21.23
1635774653, 0, 0, 226, 226, 1, 3.69%, 1, 0, 2, 21.23
1635774892, 0, 0, 227, 227, 1, 3.69%, 1, 0, 2, 21.22
1635774897, 0, 0, 229, 229, 1, 3.69%, 1, 0, 2, 21.22
1635774902, 0, 0, 230, 230, 1, 3.69%, 1, 0, 2, 21.23
1635774928, 0, 0, 231, 231, 1, 3.69%, 1, 0, 2, 21.23
1635774933, 0, 0, 233, 233, 1, 3.69%, 1, 0, 2, 21.22
1635774938, 0, 0, 235, 235, 1, 3.69%, 1, 0, 2, 21.22
1635774954, 0, 0, 237, 237, 1, 3.69%, 1, 0, 2, 21.23
1635774969, 0, 0, 238, 238, 1, 3.69%, 1, 0, 2, 21.23
1635775006, 0, 0, 240, 240, 1, 3.69%, 1, 0, 2, 21.22
1635775021, 0, 0, 241, 241, 1, 3.69%, 1, 0, 2, 21.23
1635775026, 0, 0, 242, 242, 1, 3.69%, 1, 0, 2, 21.23
1635775037, 0, 0, 243, 243, 1, 3.69%, 1, 0, 2, 21.23
1635775063, 0, 0, 244, 244, 1, 3.69%, 1, 0, 2, 21.23
1635775083, 0, 0, 245, 245, 1, 3.69%, 1, 0, 2, 21.23
1635775089, 0, 0, 246, 246, 1, 3.69%, 1, 0, 2, 21.21
1635775109, 0, 0, 247, 247, 1, 3.70%, 1, 0, 2, 21.19
1635775115, 0, 0, 249, 249, 1, 3.70%, 1, 0, 2, 21.34
1635775120, 0, 0, 250, 250, 1, 3.70%, 1, 0, 2, 21.27
1635775125, 0, 0, 253, 253, 1, 3.70%, 1, 0, 2, 21.25
1635775130, 0, 0, 259, 259, 1, 3.70%, 1, 0, 2, 21.26
1635775135, 0, 0, 261, 261, 1, 3.70%, 1, 0, 2, 21.24
1635775146, 0, 0, 262, 262, 1, 3.70%, 1, 0, 2, 21.22
1635775208, 0, 0, 263, 263, 1, 3.70%, 1, 0, 2, 21.19
1635775234, 0, 0, 264, 264, 1, 3.70%, 1, 0, 2, 21.17
1635775255, 0, 0, 265, 265, 1, 3.70%, 1, 0, 2, 21.18
1635775260, 0, 0, 266, 266, 1, 3.70%, 1, 0, 2, 21.19
1635775275, 0, 0, 267, 267, 1, 3.70%, 1, 0, 2, 21.25
1635775280, 0, 0, 269, 269, 1, 3.70%, 1, 0, 2, 21.25
1635775286, 0, 0, 270, 270, 1, 3.70%, 1, 0, 2, 21.20
1635775369, 0, 0, 271, 271, 1, 3.71%, 1, 0, 2, 21.18
1635775379, 0, 0, 272, 272, 1, 3.71%, 1, 0, 2, 21.19
1635775384, 0, 0, 274, 274, 1, 3.71%, 1, 0, 2, 21.19
1635775389, 0, 0, 276, 276, 1, 3.71%, 1, 0, 2, 21.31
1635775395, 0, 0, 278, 278, 1, 3.71%, 1, 0, 2, 21.26
1635775400, 0, 0, 279, 279, 1, 3.71%, 1, 0, 2, 19.39
1635775441, 0, 0, 280, 280, 1, 3.71%, 1, 0, 2, 21.19
1635775540, 0, 0, 281, 281, 1, 3.71%, 1, 0, 2, 21.17
1635775560, 0, 0, 282, 282, 1, 3.71%, 1, 0, 2, 21.12
1635775566, 0, 0, 283, 283, 1, 3.71%, 1, 0, 2, 21.20
1635775628, 0, 0, 284, 284, 1, 3.71%, 1, 0, 2, 21.19
1635775654, 0, 0, 285, 285, 1, 3.71%, 1, 0, 2, 21.21
1635775685, 0, 0, 286, 286, 1, 3.71%, 1, 0, 2, 21.11
1635775774, 0, 0, 287, 287, 1, 3.71%, 1, 0, 2, 21.09
1635775810, 0, 0, 288, 288, 1, 3.71%, 1, 0, 2, 21.08
1635775826, 0, 0, 289, 289, 1, 3.71%, 1, 0, 2, 21.14
1635775831, 0, 0, 290, 290, 1, 3.71%, 1, 0, 2, 21.14
1635775846, 0, 0, 291, 291, 1, 3.71%, 1, 0, 2, 21.22
1635775867, 0, 0, 292, 292, 1, 3.71%, 1, 0, 2, 21.21
1635775919, 0, 0, 293, 293, 1, 3.71%, 1, 0, 2, 21.21
1635775924, 0, 0, 295, 295, 1, 3.71%, 1, 0, 2, 21.20
1635775935, 0, 0, 296, 296, 1, 3.71%, 1, 0, 2, 21.12
1635775940, 0, 0, 297, 297, 1, 3.71%, 1, 0, 2, 21.12
1635775945, 0, 0, 298, 298, 1, 3.71%, 1, 0, 2, 21.13
1635776075, 0, 0, 300, 300, 1, 3.71%, 1, 0, 2, 21.20
1635776443, 0, 0, 301, 301, 1, 3.71%, 1, 0, 2, 21.22
1635776583, 0, 0, 302, 302, 1, 3.71%, 1, 0, 2, 21.23
1635776593, 0, 0, 303, 303, 1, 3.71%, 1, 0, 2, 21.21
1635776598, 0, 0, 305, 305, 1, 3.72%, 1, 0, 2, 21.24
1635776604, 0, 0, 306, 306, 1, 3.73%, 1, 0, 2, 21.23
1635776609, 0, 0, 308, 308, 1, 3.74%, 1, 0, 2, 21.23
1635776650, 0, 0, 309, 309, 1, 3.74%, 1, 0, 2, 21.23
1635776697, 0, 0, 310, 310, 1, 3.74%, 1, 0, 2, 21.06
1635776718, 0, 0, 311, 311, 1, 3.74%, 1, 0, 2, 21.22
1635776733, 0, 0, 312, 312, 1, 3.74%, 1, 0, 2, 21.08
1635776765, 0, 0, 313, 313, 1, 3.74%, 1, 0, 2, 21.20
1635776884, 0, 0, 314, 314, 1, 3.74%, 1, 0, 2, 21.20
1635776889, 0, 0, 315, 315, 1, 3.74%, 1, 0, 2, 21.19
1635776951, 0, 0, 316, 316, 1, 3.74%, 1, 0, 2, 21.18
1635777066, 0, 0, 318, 318, 1, 3.75%, 1, 0, 2, 21.22
1635777071, 0, 0, 321, 321, 1, 3.77%, 1, 0, 2, 21.78
1635777076, 0, 0, 322, 322, 1, 3.77%, 1, 0, 2, 21.71
1635777081, 0, 0, 330, 330, 1, 3.83%, 1, 0, 2, 21.39
1635777091, 0, 0, 332, 332, 1, 3.83%, 1, 0, 2, 21.25
1635777096, 0, 0, 336, 336, 1, 3.84%, 1, 0, 2, 21.29
1635777101, 0, 0, 338, 338, 1, 3.84%, 1, 0, 2, 21.45
1635777107, 0, 0, 339, 339, 1, 3.84%, 1, 0, 2, 21.35
1635777112, 0, 0, 341, 341, 1, 3.86%, 1, 0, 2, 21.26
1635777127, 0, 0, 342, 342, 1, 3.86%, 1, 0, 2, 21.16
1635777195, 0, 0, 343, 343, 1, 3.86%, 1, 0, 2, 21.20
1635777537, 0, 0, 344, 344, 1, 3.86%, 1, 0, 2, 21.20
1635777542, 0, 0, 346, 346, 1, 3.86%, 1, 0, 2, 21.22
1635777553, 0, 0, 348, 348, 1, 3.87%, 1, 0, 2, 21.23
1635777563, 0, 0, 349, 349, 1, 3.87%, 1, 0, 2, 21.18
1635777610, 0, 0, 354, 354, 1, 3.87%, 1, 0, 2, 21.35
1635777620, 0, 0, 355, 355, 1, 3.87%, 1, 0, 2, 21.24
1635777630, 0, 0, 356, 356, 1, 3.87%, 1, 0, 2, 21.19
1635777636, 0, 0, 358, 358, 1, 3.87%, 1, 0, 2, 21.22
1635777646, 0, 0, 359, 359, 1, 3.87%, 1, 0, 2, 21.22
1635777651, 0, 0, 360, 360, 1, 3.87%, 1, 0, 2, 21.17
1635777662, 0, 0, 361, 361, 1, 3.87%, 1, 0, 2, 21.22
1635777713, 0, 0, 362, 362, 1, 3.87%, 1, 0, 2, 21.21
1635777734, 0, 0, 363, 363, 1, 3.87%, 1, 0, 2, 21.22
1635777864, 0, 0, 364, 364, 1, 3.87%, 1, 0, 2, 21.23
1635778133, 0, 0, 366, 366, 1, 3.87%, 1, 0, 2, 21.23
1635778252, 0, 0, 367, 367, 1, 3.87%, 1, 0, 2, 21.20
1635778273, 0, 0, 368, 368, 1, 3.87%, 1, 0, 2, 21.19
1635778278, 0, 0, 369, 369, 1, 3.87%, 1, 0, 2, 21.20
1635778330, 0, 0, 370, 370, 1, 3.87%, 1, 0, 2, 21.17
1635778792, 0, 0, 371, 371, 1, 3.87%, 1, 0, 2, 21.19
1635779083, 0, 0, 372, 372, 1, 3.88%, 1, 0, 2, 21.06
1635780278, 0, 0, 373, 373, 1, 3.88%, 1, 0, 2, 21.62
1635780283, 0, 0, 374, 374, 1, 3.88%, 2, 0, 2, 21.27
1635780289, 0, 0, 376, 376, 1, 3.88%, 2, 0, 2, 21.19
1635780299, 0, 0, 377, 377, 1, 3.88%, 2, 0, 2, 21.25
1635780304, 0, 0, 379, 379, 1, 3.88%, 2, 0, 2, 21.37
1635780309, 0, 0, 380, 380, 1, 3.88%, 2, 0, 2, 21.39
1635780314, 0, 0, 381, 381, 1, 3.89%, 2, 0, 2, 21.24
1635780320, 0, 0, 382, 382, 1, 3.89%, 2, 0, 2, 21.14
1635780330, 0, 0, 383, 383, 1, 3.89%, 2, 0, 2, 21.15
1635780345, 0, 0, 384, 384, 1, 3.89%, 2, 0, 2, 20.79
1635780366, 0, 0, 385, 385, 1, 3.89%, 2, 0, 2, 20.89
1635780557, 0, 0, 386, 386, 1, 3.89%, 2, 0, 2, 20.08
1635780769, 0, 0, 387, 387, 1, 3.89%, 2, 0, 2, 21.24
1635780811, 0, 0, 388, 388, 1, 3.89%, 2, 0, 2, 21.27
1635780826, 0, 0, 389, 389, 1, 3.89%, 2, 0, 2, 21.25
1635780852, 0, 0, 390, 390, 1, 3.89%, 2, 0, 2, 21.11
1635781008, 0, 0, 391, 391, 1, 3.89%, 2, 0, 2, 21.25
1635781013, 0, 0, 392, 392, 1, 3.89%, 2, 0, 2, 21.24
1635781101, 0, 0, 394, 394, 1, 3.89%, 2, 0, 2, 21.23
1635781147, 0, 0, 395, 395, 1, 3.89%, 2, 0, 2, 21.24
1635781408, 0, 0, 396, 396, 1, 3.89%, 2, 0, 2, 21.08
1635781444, 0, 0, 397, 397, 1, 3.89%, 2, 0, 2, 21.08
1635781563, 0, 0, 398, 398, 1, 3.89%, 2, 0, 2, 21.20
1635781958, 0, 0, 399, 399, 1, 3.89%, 2, 0, 2, 21.18
1635782015, 0, 0, 400, 400, 1, 3.89%, 2, 0, 2, 21.20
1635782285, 0, 0, 401, 401, 1, 3.89%, 2, 0, 2, 21.19
1635783244, 0, 0, 402, 402, 1, 3.89%, 2, 0, 2, 21.19
1635783482, 0, 0, 403, 403, 1, 3.89%, 2, 0, 2, 21.33
1635783882, 0, 0, 404, 404, 1, 3.90%, 2, 0, 2, 21.40
1635783939, 0, 0, 405, 405, 1, 3.90%, 2, 0, 2, 21.07
1635783955, 0, 0, 406, 406, 1, 3.90%, 2, 0, 2, 21.12
1635783965, 0, 0, 407, 407, 1, 3.90%, 2, 0, 2, 21.09
1635784043, 0, 0, 408, 408, 1, 3.90%, 2, 0, 2, 21.21
1635784085, 0, 0, 409, 409, 1, 3.90%, 2, 0, 2, 21.21
1635784147, 0, 0, 410, 410, 1, 3.90%, 2, 0, 2, 21.13
1635784230, 0, 0, 411, 411, 1, 3.90%, 2, 0, 2, 21.04
1635784256, 0, 0, 412, 412, 1, 3.90%, 2, 0, 2, 21.04
1635784282, 0, 0, 413, 413, 1, 3.90%, 2, 0, 2, 21.30
1635784288, 0, 0, 416, 416, 1, 3.91%, 3, 0, 2, 20.92
1635784293, 0, 0, 419, 419, 1, 3.91%, 3, 0, 2, 20.60
1635784298, 0, 0, 420, 420, 1, 3.91%, 3, 0, 2, 20.47
1635784303, 0, 0, 421, 421, 1, 3.91%, 3, 0, 2, 20.36
1635784313, 0, 0, 422, 422, 1, 3.91%, 3, 0, 2, 18.87
1635784324, 0, 0, 423, 423, 1, 3.91%, 3, 0, 2, 20.24
1635784334, 0, 0, 424, 424, 1, 3.91%, 3, 0, 2, 20.32
1635784349, 0, 0, 429, 429, 1, 3.91%, 3, 0, 2, 17.54
1635784354, 0, 0, 435, 435, 1, 3.91%, 3, 0, 2, 17.37
1635784359, 0, 0, 438, 438, 1, 3.91%, 3, 0, 2, 18.12
1635784365, 0, 0, 440, 440, 1, 3.91%, 3, 0, 2, 19.36
1635784370, 0, 0, 441, 441, 1, 3.91%, 3, 0, 2, 15.92
1635784380, 0, 0, 442, 442, 1, 3.91%, 3, 0, 2, 16.20
1635784385, 0, 0, 444, 444, 1, 3.91%, 3, 0, 2, 16.19
1635784390, 0, 0, 445, 445, 1, 3.91%, 3, 0, 2, 16.60
1635784395, 0, 0, 447, 447, 1, 3.91%, 3, 0, 2, 14.72
1635784400, 0, 0, 448, 448, 1, 3.92%, 3, 0, 2, 15.73
1635784410, 0, 0, 449, 449, 1, 3.92%, 3, 0, 2, 15.76
1635784416, 0, 0, 452, 452, 1, 3.92%, 3, 0, 2, 16.23
1635784452, 0, 0, 453, 453, 1, 3.92%, 3, 0, 2, 16.13
1635784467, 0, 0, 454, 454, 1, 3.92%, 3, 0, 2, 15.85
1635784472, 0, 0, 455, 455, 1, 3.92%, 3, 0, 2, 15.82
1635784477, 0, 0, 456, 456, 1, 3.92%, 3, 0, 2, 16.40
1635784492, 0, 0, 457, 457, 1, 3.92%, 3, 0, 2, 15.96
1635784528, 0, 0, 458, 458, 1, 3.92%, 3, 0, 2, 18.24
1635784554, 0, 0, 459, 459, 1, 3.92%, 3, 0, 2, 19.49
1635784564, 0, 0, 461, 461, 1, 3.92%, 3, 0, 2, 18.81
1635784610, 0, 0, 462, 462, 1, 3.92%, 3, 0, 2, 19.10
1635784615, 0, 0, 465, 465, 1, 3.92%, 3, 0, 2, 19.98
1635784620, 0, 0, 466, 466, 1, 3.92%, 3, 0, 2, 19.22
1635784646, 0, 0, 467, 467, 1, 3.92%, 3, 0, 2, 18.44
1635784677, 0, 0, 468, 468, 1, 3.92%, 3, 0, 2, 18.37
1635784718, 0, 0, 470, 470, 1, 3.92%, 3, 0, 2, 17.71
1635784723, 0, 0, 471, 471, 1, 3.92%, 3, 0, 2, 16.83
1635784728, 0, 0, 472, 472, 1, 3.93%, 3, 0, 2, 17.02
1635784810, 0, 0, 472, 472, 1, 3.93%, 4, 0, 2, 21.09
1635784841, 0, 0, 473, 473, 1, 3.97%, 4, 0, 2, 21.29
1635784846, 0, 0, 476, 476, 1, 3.97%, 4, 0, 2, 21.26
1635784851, 0, 0, 479, 479, 1, 3.97%, 4, 0, 2, 21.29
1635784919, 0, 0, 480, 480, 1, 3.97%, 4, 0, 2, 21.16
1635784924, 0, 0, 481, 481, 1, 3.97%, 4, 0, 2, 21.21
1635784939, 0, 0, 482, 482, 1, 3.97%, 4, 0, 2, 21.17
1635784965, 0, 0, 483, 483, 1, 3.97%, 4, 0, 2, 21.37
1635784996, 0, 0, 484, 484, 1, 3.97%, 4, 0, 2, 21.32
1635788470, 0, 0, 485, 485, 1, 3.97%, 4, 0, 2, 21.25
1635789185, 0, 0, 486, 486, 1, 3.98%, 4, 0, 2, 21.05
1635792252, 0, 0, 487, 487, 1, 3.98%, 4, 0, 2, 19.68
1635798225, 0, 0, 488, 488, 1, 3.98%, 4, 0, 2, 19.75
1635813223, 0, 0, 489, 489, 1, 3.98%, 4, 0, 2, 17.62
1635813497, 0, 0, 490, 490, 1, 3.98%, 4, 0, 2, 19.99
1635813503, 0, 0, 492, 492, 1, 3.99%, 4, 0, 2, 19.93
1635813513, 0, 0, 494, 494, 1, 3.99%, 4, 0, 2, 19.71
1635813518, 0, 0, 495, 495, 1, 4.00%, 4, 0, 2, 19.83
1635813844, 0, 0, 496, 496, 1, 4.01%, 4, 0, 2, 19.67
1635814757, 0, 0, 497, 497, 1, 4.03%, 4, 0, 2, 19.60
1635815776, 0, 0, 498, 498, 1, 4.03%, 4, 0, 2, 19.64
1635822946, 0, 0, 499, 499, 1, 4.03%, 4, 0, 2, 17.66
1635822997, 0, 0, 500, 500, 1, 4.03%, 4, 0, 2, 17.26
1635823012, 0, 0, 501, 501, 1, 4.03%, 4, 0, 2, 17.05
1635826764, 0, 0, 502, 502, 1, 4.03%, 4, 0, 2, 20.32
1635826774, 0, 0, 502, 502, 1, 4.03%, 6, 0, 2, 15.30
1635826804, 0, 0, 504, 504, 1, 4.03%, 6, 0, 2, 19.61
1635826861, 0, 0, 505, 505, 1, 4.04%, 6, 0, 2, 18.60
1635826891, 0, 0, 506, 506, 1, 4.04%, 6, 0, 2, 19.78
1635827019, 0, 0, 507, 507, 1, 4.04%, 6, 0, 2, 18.87
1635829769, 0, 0, 508, 508, 1, 4.04%, 6, 0, 2, 19.26
1635829799, 0, 0, 509, 509, 1, 4.04%, 6, 0, 2, 19.27
1635834650, 0, 0, 510, 510, 1, 4.04%, 6, 0, 2, 18.65
1635834676, 0, 0, 512, 512, 1, 4.04%, 6, 0, 2, 16.85
1635835891, 0, 0, 513, 513, 1, 4.04%, 6, 0, 2, 18.64
1635835978, 0, 0, 514, 514, 1, 4.04%, 6, 0, 2, 18.76
1635846645, 0, 0, 515, 515, 1, 4.04%, 6, 0, 2, 18.49
1635847662, 0, 0, 516, 516, 1, 4.04%, 6, 0, 2, 18.98
1635847667, 0, 0, 520, 520, 1, 4.05%, 6, 0, 2, 17.53
1635847672, 0, 0, 524, 524, 1, 4.05%, 6, 0, 2, 17.79
1635847677, 0, 0, 526, 526, 1, 4.05%, 6, 0, 2, 14.19
1635847683, 0, 0, 530, 530, 1, 4.05%, 6, 0, 2, 15.53
1635847688, 0, 0, 533, 533, 1, 4.05%, 6, 0, 2, 15.87
1635847693, 0, 0, 534, 534, 1, 4.05%, 6, 0, 2, 18.52
1635847698, 0, 0, 536, 536, 1, 4.05%, 6, 0, 2, 19.11
1635847703, 0, 0, 538, 538, 1, 4.05%, 7, 0, 2, 18.52
1635847708, 0, 0, 539, 539, 1, 4.05%, 7, 0, 2, 16.62
1635847719, 0, 0, 540, 540, 1, 4.05%, 7, 0, 2, 17.42
1635847724, 0, 0, 540, 540, 1, 4.05%, 8, 0, 2, 18.57
1635847734, 0, 0, 542, 542, 1, 4.05%, 8, 0, 2, 15.01
1635847739, 0, 0, 543, 543, 1, 4.05%, 8, 0, 2, 17.24
1635847749, 0, 0, 546, 546, 1, 4.05%, 8, 0, 2, 15.90
1635847754, 0, 0, 548, 548, 1, 4.05%, 8, 0, 2, 16.45
1635847760, 0, 0, 549, 549, 1, 4.05%, 9, 0, 2, 18.58
1635847765, 0, 0, 550, 550, 1, 4.05%, 9, 0, 2, 17.18
1635847770, 0, 0, 551, 551, 1, 4.05%, 9, 0, 2, 17.95
1635847775, 0, 0, 553, 553, 1, 4.05%, 9, 0, 2, 18.37
1635847780, 0, 0, 555, 555, 1, 4.05%, 9, 0, 2, 18.50
1635847805, 0, 0, 556, 556, 1, 4.05%, 9, 0, 2, 18.96
1635847810, 0, 0, 557, 557, 1, 4.05%, 9, 0, 2, 18.43
1635847820, 0, 0, 557, 557, 1, 4.05%, 10, 0, 2, 18.38
1635847825, 0, 0, 557, 557, 1, 4.05%, 11, 0, 2, 19.16
1635847830, 0, 0, 558, 558, 1, 4.05%, 11, 0, 2, 18.54
1635847841, 0, 0, 559, 559, 1, 4.05%, 11, 0, 2, 17.83
1635847846, 0, 0, 560, 560, 1, 4.05%, 11, 0, 2, 16.78
1635847851, 0, 0, 562, 562, 1, 4.05%, 11, 0, 2, 18.47
1635847871, 0, 0, 563, 563, 1, 4.05%, 11, 0, 2, 18.81
1635847897, 0, 0, 564, 564, 1, 4.05%, 12, 0, 2, 18.72
1635847902, 0, 0, 564, 564, 1, 4.05%, 13, 0, 2, 19.30
1635847912, 0, 0, 565, 565, 1, 4.06%, 13, 0, 2, 18.56
1635847917, 0, 0, 566, 566, 1, 4.06%, 13, 0, 2, 18.36
1635847922, 0, 0, 567, 567, 1, 4.06%, 13, 0, 2, 18.49
1635847928, 0, 0, 570, 570, 1, 4.06%, 13, 0, 2, 17.47
1635847938, 0, 0, 571, 571, 1, 4.06%, 13, 0, 2, 18.52
1635847943, 0, 0, 571, 571, 1, 4.06%, 14, 0, 2, 18.20
1635847948, 0, 0, 571, 571, 1, 4.06%, 15, 0, 2, 18.74
1635847958, 0, 0, 572, 572, 1, 4.06%, 15, 0, 2, 16.34
1635847984, 0, 0, 572, 572, 1, 4.06%, 16, 0, 2, 18.77
1635847989, 0, 0, 573, 573, 1, 4.06%, 16, 0, 2, 18.68
1635847994, 0, 0, 573, 573, 1, 4.06%, 17, 0, 2, 19.14
1635847999, 0, 0, 573, 573, 1, 4.06%, 18, 0, 2, 18.25
1635848004, 0, 0, 574, 574, 1, 4.06%, 19, 0, 2, 18.62
1635848009, 0, 0, 575, 575, 1, 4.07%, 19, 0, 2, 18.73
1635848024, 0, 0, 576, 576, 1, 4.07%, 19, 0, 2, 17.91
1635848034, 0, 0, 576, 576, 1, 4.07%, 20, 0, 2, 19.34
1635848055, 0, 0, 581, 580, 0, 4.45%, 20, 0, 2, 16.62
1635848060, 0, 0, 589, 588, 0, 4.65%, 20, 0, 2, 15.09
1635848065, 0, 0, 595, 594, 0, 4.67%, 20, 0, 2, 11.95
1635848070, 0, 0, 604, 603, 0, 4.71%, 20, 0, 2, 15.92
1635848075, 0, 0, 610, 609, 0, 4.77%, 20, 0, 2, 12.56
1635848080, 0, 0, 615, 614, 0, 4.81%, 20, 0, 2, 10.24
1635848086, 0, 0, 621, 620, 0, 4.83%, 20, 0, 2, 11.24
1635848091, 0, 0, 630, 629, 0, 4.85%, 20, 0, 2, 14.88
1635848096, 0, 0, 637, 636, 0, 4.87%, 20, 0, 2, 13.15
1635848101, 0, 0, 645, 644, 0, 4.91%, 20, 0, 2, 14.93
1635848106, 0, 0, 649, 648, 0, 4.97%, 20, 0, 2, 11.22
1635848111, 0, 0, 657, 656, 0, 5.00%, 20, 0, 2, 15.42
1635848116, 0, 0, 665, 664, 0, 5.03%, 20, 0, 2, 15.24
1635848121, 0, 0, 673, 672, 0, 5.27%, 20, 0, 2, 14.68
1635848126, 0, 0, 680, 679, 0, 5.28%, 20, 0, 2, 14.29
1635848131, 0, 0, 688, 687, 0, 5.30%, 20, 0, 2, 15.08
1635848137, 0, 0, 696, 695, 0, 5.34%, 20, 0, 2, 13.48
1635848142, 0, 0, 704, 703, 0, 5.36%, 20, 0, 2, 16.09
1635848147, 0, 0, 711, 710, 0, 5.37%, 20, 0, 2, 13.14
1635848152, 0, 0, 718, 717, 0, 5.39%, 20, 0, 2, 13.81
1635848157, 0, 0, 724, 723, 0, 5.45%, 20, 0, 2, 13.16
1635848162, 0, 0, 731, 730, 0, 5.47%, 20, 0, 2, 11.69
1635848167, 0, 0, 738, 737, 0, 5.49%, 20, 0, 2, 12.87
1635848172, 0, 0, 748, 747, 0, 5.50%, 20, 0, 2, 17.17
1635848177, 0, 0, 756, 755, 0, 5.51%, 20, 0, 2, 14.46
1635848182, 0, 0, 764, 763, 0, 5.53%, 20, 0, 2, 14.08
1635848187, 0, 0, 771, 770, 0, 5.54%, 20, 0, 2, 13.34
1635848192, 0, 0, 780, 779, 0, 5.54%, 20, 0, 2, 17.03
1635848197, 0, 0, 789, 788, 0, 5.55%, 20, 0, 2, 15.63
1635848203, 0, 0, 798, 797, 0, 5.57%, 20, 0, 2, 17.50
1635848208, 0, 0, 803, 802, 0, 5.68%, 20, 0, 2, 11.83
1635848213, 0, 0, 810, 809, 0, 5.69%, 20, 0, 2, 11.90
1635848218, 0, 0, 816, 815, 0, 5.69%, 20, 0, 2, 11.18
1635848223, 0, 0, 824, 823, 0, 5.70%, 20, 0, 2, 14.12
1635848228, 0, 0, 832, 831, 0, 5.71%, 20, 0, 2, 13.50
1635848233, 0, 0, 840, 839, 0, 5.71%, 20, 0, 2, 15.50
1635848238, 0, 0, 846, 845, 0, 5.78%, 20, 0, 2, 12.45
1635848244, 0, 0, 855, 854, 0, 5.79%, 20, 0, 2, 15.85
1635848249, 0, 0, 865, 864, 0, 5.79%, 20, 0, 2, 17.19
1635848254, 0, 0, 871, 870, 0, 5.83%, 20, 0, 2, 14.11
1635848259, 0, 0, 878, 877, 0, 5.83%, 20, 0, 2, 12.58
1635848264, 0, 0, 885, 884, 0, 5.84%, 20, 0, 2, 13.01
1635848269, 0, 0, 894, 893, 0, 5.84%, 20, 0, 2, 16.46
1635848274, 0, 0, 901, 900, 0, 5.85%, 20, 0, 2, 13.79
1635848279, 0, 0, 909, 908, 0, 5.85%, 20, 0, 2, 15.83
1635848284, 0, 0, 917, 916, 0, 5.86%, 20, 0, 2, 16.30
1635848289, 0, 0, 924, 923, 0, 5.86%, 20, 0, 2, 14.31
1635848295, 0, 0, 933, 932, 0, 5.87%, 20, 0, 2, 15.22
1635848300, 0, 0, 939, 938, 0, 5.87%, 20, 0, 2, 12.92
1635848305, 0, 0, 946, 945, 0, 5.87%, 20, 0, 2, 12.73
1635848310, 0, 0, 952, 951, 0, 5.88%, 20, 0, 2, 12.73
1635848315, 0, 0, 962, 961, 0, 5.88%, 20, 0, 2, 17.25
1635848320, 0, 0, 971, 970, 0, 5.89%, 20, 0, 2, 16.79
1635848325, 0, 0, 978, 977, 0, 5.90%, 20, 0, 2, 13.83
1635848330, 0, 0, 984, 983, 0, 5.90%, 20, 0, 2, 11.47
1635848335, 0, 0, 991, 990, 0, 5.90%, 20, 0, 2, 14.54
1635848341, 0, 0, 999, 998, 0, 5.91%, 20, 0, 2, 16.08
1635848346, 0, 0, 1008, 1007, 0, 5.91%, 20, 0, 2, 15.68
1635848351, 0, 0, 1013, 1012, 0, 5.91%, 20, 0, 2, 12.90
1635848356, 0, 0, 1019, 1018, 0, 5.92%, 20, 0, 2, 11.08
1635848361, 0, 0, 1023, 1022, 0, 5.92%, 20, 0, 2, 8.44
1635848366, 0, 0, 1031, 1030, 0, 5.92%, 20, 0, 2, 13.15
1635848371, 0, 0, 1038, 1037, 0, 5.92%, 20, 0, 2, 12.52
1635848376, 0, 0, 1044, 1043, 0, 5.92%, 20, 0, 2, 13.21
1635848381, 0, 0, 1053, 1052, 0, 5.93%, 20, 0, 2, 15.42
1635848387, 0, 0, 1061, 1060, 0, 5.93%, 20, 0, 2, 14.06
1635848392, 0, 0, 1067, 1066, 0, 5.93%, 20, 0, 2, 10.65
1635848397, 0, 0, 1077, 1076, 0, 5.94%, 20, 0, 2, 16.11
1635848402, 0, 0, 1084, 1083, 0, 5.94%, 20, 0, 2, 14.33
1635848407, 0, 0, 1092, 1091, 0, 5.94%, 20, 0, 2, 15.33
1635848412, 0, 0, 1102, 1101, 0, 5.94%, 20, 0, 2, 16.09
1635848417, 0, 0, 1111, 1110, 0, 5.95%, 20, 0, 2, 17.12
1635848422, 0, 0, 1116, 1115, 0, 5.95%, 20, 0, 2, 13.06
1635848427, 0, 0, 1125, 1124, 0, 5.95%, 20, 0, 2, 16.37
1635848433, 0, 0, 1132, 1131, 0, 5.95%, 20, 0, 2, 13.83
1635848438, 0, 0, 1141, 1140, 0, 5.95%, 20, 0, 2, 16.40
1635848443, 0, 0, 1147, 1146, 0, 5.96%, 20, 0, 2, 13.73
1635848448, 0, 0, 1157, 1156, 0, 5.96%, 20, 0, 2, 17.71
1635848453, 0, 0, 1165, 1164, 0, 5.96%, 20, 0, 2, 16.75
1635848458, 0, 0, 1171, 1170, 0, 5.96%, 20, 0, 2, 13.11
1635848463, 0, 0, 1180, 1179, 0, 5.96%, 20, 0, 2, 16.05
1635848468, 0, 0, 1186, 1185, 0, 5.96%, 20, 0, 2, 12.79
1635848474, 0, 0, 1193, 1192, 0, 5.96%, 20, 0, 2, 12.99
1635848479, 0, 0, 1199, 1198, 0, 5.96%, 20, 0, 2, 13.80
1635848484, 0, 0, 1206, 1205, 0, 5.96%, 20, 0, 2, 12.96
1635848489, 0, 0, 1213, 1212, 0, 5.97%, 20, 0, 2, 13.10
1635848494, 0, 0, 1221, 1220, 0, 5.98%, 20, 0, 2, 15.73
1635848499, 0, 0, 1229, 1228, 0, 5.98%, 20, 0, 2, 16.58
1635848504, 0, 0, 1237, 1236, 0, 5.98%, 20, 0, 2, 16.30
1635848509, 0, 0, 1246, 1245, 0, 5.98%, 20, 0, 2, 16.36
1635848515, 0, 0, 1252, 1251, 0, 5.98%, 20, 0, 2, 13.78
1635848520, 0, 0, 1258, 1257, 0, 5.98%, 20, 0, 2, 12.03
1635848525, 0, 0, 1264, 1263, 0, 5.99%, 20, 0, 2, 12.52
1635848530, 0, 0, 1269, 1268, 0, 5.99%, 20, 0, 2, 11.44
1635848535, 0, 0, 1277, 1276, 0, 5.99%, 20, 0, 2, 15.13
1635848540, 0, 0, 1285, 1284, 0, 5.99%, 20, 0, 2, 15.18
1635848545, 0, 0, 1295, 1294, 0, 5.99%, 20, 0, 2, 17.31
1635848550, 0, 0, 1301, 1300, 0, 5.99%, 20, 0, 2, 14.45
1635848555, 0, 0, 1309, 1308, 0, 5.99%, 20, 0, 2, 14.23
1635848560, 0, 0, 1316, 1315, 0, 5.99%, 20, 0, 2, 16.74
1635848566, 0, 0, 1324, 1323, 0, 5.99%, 20, 0, 2, 14.46
1635848571, 0, 0, 1329, 1328, 0, 5.99%, 20, 0, 2, 12.16
1635848576, 0, 0, 1337, 1336, 0, 5.99%, 20, 0, 2, 14.58
1635848581, 0, 0, 1343, 1342, 0, 5.99%, 20, 0, 2, 15.16
1635848586, 0, 0, 1349, 1348, 0, 5.99%, 20, 0, 2, 12.71
1635848591, 0, 0, 1356, 1355, 0, 5.99%, 20, 0, 2, 13.05
1635848596, 0, 0, 1363, 1362, 0, 5.99%, 20, 0, 2, 10.60
1635848601, 0, 0, 1370, 1369, 0, 6.00%, 20, 0, 2, 12.83
1635848607, 0, 0, 1378, 1377, 0, 6.00%, 20, 0, 2, 13.74
1635848612, 0, 0, 1386, 1385, 0, 6.00%, 20, 0, 2, 16.13
1635848617, 0, 0, 1391, 1390, 0, 6.00%, 20, 0, 2, 11.85
1635848622, 0, 0, 1397, 1396, 0, 6.00%, 20, 0, 2, 11.88
1635848627, 0, 0, 1404, 1403, 0, 6.00%, 20, 0, 2, 15.08
1635848632, 0, 0, 1409, 1408, 0, 6.00%, 20, 0, 2, 12.53
1635848637, 0, 0, 1416, 1415, 0, 6.00%, 20, 0, 2, 11.23
1635848642, 0, 0, 1423, 1422, 0, 6.01%, 20, 0, 2, 14.04
1635848647, 0, 0, 1428, 1427, 0, 6.01%, 20, 0, 2, 12.14
1635848653, 0, 0, 1436, 1435, 0, 6.01%, 20, 0, 2, 15.14
1635848658, 0, 0, 1443, 1442, 0, 6.01%, 20, 0, 2, 15.46
1635848663, 0, 0, 1450, 1449, 0, 6.01%, 20, 0, 2, 15.79
1635848668, 0, 0, 1458, 1457, 0, 6.01%, 20, 0, 2, 14.75
1635848673, 0, 0, 1463, 1462, 0, 6.01%, 20, 0, 2, 12.70
1635848678, 0, 0, 1471, 1470, 0, 6.01%, 20, 0, 2, 16.84
1635848683, 0, 0, 1478, 1477, 0, 6.01%, 20, 0, 2, 14.72
1635848688, 0, 0, 1484, 1483, 0, 6.01%, 20, 0, 2, 12.34
1635848693, 0, 0, 1488, 1487, 0, 6.01%, 20, 0, 2, 9.15
1635848699, 0, 0, 1497, 1496, 0, 6.01%, 20, 0, 2, 15.05
1635848704, 0, 0, 1505, 1504, 0, 6.01%, 20, 0, 2, 14.07
1635848709, 0, 0, 1512, 1511, 0, 6.01%, 20, 0, 2, 14.02
1635848714, 0, 0, 1518, 1517, 0, 6.01%, 20, 0, 2, 11.53
1635848719, 0, 0, 1525, 1524, 0, 6.01%, 20, 0, 2, 14.67
1635848724, 0, 0, 1531, 1530, 0, 6.01%, 20, 0, 2, 13.35
1635848729, 0, 0, 1540, 1539, 0, 6.01%, 20, 0, 2, 15.71
1635848734, 0, 0, 1548, 1547, 0, 6.01%, 20, 0, 2, 14.80
1635848740, 0, 0, 1557, 1556, 0, 6.01%, 20, 0, 2, 16.79
1635848745, 0, 0, 1564, 1563, 0, 6.01%, 20, 0, 2, 14.36
1635848750, 0, 0, 1571, 1570, 0, 6.01%, 20, 0, 2, 13.15
1635848755, 0, 0, 1575, 1574, 0, 6.01%, 20, 0, 2, 10.35
1635848760, 0, 0, 1583, 1582, 0, 6.01%, 20, 0, 2, 15.20
1635848765, 0, 0, 1591, 1590, 0, 6.01%, 20, 0, 2, 15.85
1635848770, 0, 0, 1597, 1596, 0, 6.01%, 20, 0, 2, 12.63
1635848775, 0, 0, 1604, 1603, 0, 6.01%, 20, 0, 2, 15.23
1635848780, 0, 0, 1611, 1610, 0, 6.01%, 20, 0, 2, 15.72
1635848786, 0, 0, 1620, 1619, 0, 6.01%, 20, 0, 2, 16.42
1635848791, 0, 0, 1628, 1627, 0, 6.01%, 20, 0, 2, 15.33
1635848796, 0, 0, 1636, 1635, 0, 6.01%, 20, 0, 2, 16.47
1635848801, 0, 0, 1642, 1641, 0, 6.01%, 20, 0, 2, 12.38
1635848806, 0, 0, 1650, 1649, 0, 6.01%, 20, 0, 2, 16.40
1635848811, 0, 0, 1657, 1656, 0, 6.01%, 20, 0, 2, 13.76
1635848816, 0, 0, 1664, 1663, 0, 6.01%, 20, 0, 2, 13.40
1635848821, 0, 0, 1671, 1670, 0, 6.02%, 20, 0, 2, 14.16
1635848827, 0, 0, 1677, 1676, 0, 6.02%, 20, 0, 2, 14.27
1635848832, 0, 0, 1684, 1683, 0, 6.02%, 20, 0, 2, 14.91
1635848837, 0, 0, 1692, 1691, 0, 6.02%, 20, 0, 2, 13.68
1635848842, 0, 0, 1698, 1697, 0, 6.02%, 20, 0, 2, 12.67
1635848847, 0, 0, 1705, 1704, 0, 6.02%, 20, 0, 2, 12.22
1635848852, 0, 0, 1713, 1712, 0, 6.02%, 20, 0, 2, 13.52
1635848857, 0, 0, 1720, 1719, 0, 6.02%, 20, 0, 2, 15.53
1635848863, 0, 0, 1728, 1727, 0, 6.02%, 20, 0, 2, 16.30
1635848868, 0, 0, 1736, 1735, 0, 6.02%, 20, 0, 2, 16.79
1635848873, 0, 0, 1744, 1743, 0, 6.02%, 20, 0, 2, 15.42
1635848878, 0, 0, 1750, 1749, 0, 6.02%, 20, 0, 2, 13.75
1635848883, 0, 0, 1757, 1756, 0, 6.02%, 20, 0, 2, 14.25
1635848888, 0, 0, 1763, 1762, 0, 6.02%, 20, 0, 2, 12.57
1635848893, 0, 0, 1769, 1768, 0, 6.02%, 20, 0, 2, 12.23
1635848899, 0, 0, 1778, 1777, 0, 6.02%, 20, 0, 2, 16.67
1635848904, 0, 0, 1782, 1781, 0, 6.02%, 20, 0, 2, 10.80
1635848909, 0, 0, 1788, 1787, 0, 6.02%, 20, 0, 2, 10.81
1635848914, 0, 0, 1793, 1792, 0, 6.02%, 20, 0, 2, 10.83
1635848919, 0, 0, 1798, 1797, 0, 6.02%, 20, 0, 2, 11.77
1635848924, 0, 0, 1806, 1805, 0, 6.02%, 20, 0, 2, 14.24
1635848929, 0, 0, 1813, 1812, 0, 6.02%, 20, 0, 2, 15.37
1635848934, 0, 0, 1818, 1817, 0, 6.02%, 20, 0, 2, 14.95
1635848939, 0, 0, 1824, 1823, 0, 6.02%, 20, 0, 2, 12.60
1635848944, 0, 0, 1830, 1829, 0, 6.02%, 20, 0, 2, 12.11
1635848949, 0, 0, 1838, 1837, 0, 6.02%, 20, 0, 2, 14.10
1635848955, 0, 0, 1846, 1845, 0, 6.02%, 20, 0, 2, 15.95
1635848960, 0, 0, 1852, 1851, 0, 6.02%, 20, 0, 2, 14.10
1635848965, 0, 0, 1859, 1858, 0, 6.02%, 20, 0, 2, 15.42
1635848970, 0, 0, 1865, 1864, 0, 6.02%, 20, 0, 2, 15.30
1635848975, 0, 0, 1871, 1870, 0, 6.02%, 20, 0, 2, 15.49
1635848995, 0, 0, 1872, 1871, 0, 6.02%, 20, 0, 2, 14.82
1635849021, 0, 0, 1873, 1872, 0, 6.02%, 20, 0, 2, 14.89
1635849072, 0, 0, 1874, 1873, 0, 6.02%, 20, 0, 2, 13.44
1635849077, 0, 0, 1876, 1875, 0, 6.02%, 20, 0, 2, 12.29
1635849088, 0, 0, 1877, 1876, 0, 6.02%, 20, 0, 2, 12.96
1635849113, 0, 0, 1878, 1877, 0, 6.02%, 20, 0, 2, 15.27
1635849119, 0, 0, 1879, 1878, 0, 6.02%, 20, 0, 2, 15.13
1635849159, 0, 0, 1880, 1879, 0, 6.02%, 20, 0, 2, 12.49
1635849257, 0, 0, 1881, 1880, 0, 6.02%, 20, 0, 2, 15.42
1635849308, 0, 0, 1882, 1881, 0, 6.02%, 20, 0, 2, 13.57
1635849344, 0, 0, 1883, 1882, 0, 6.02%, 20, 0, 2, 13.86
1635849604, 0, 0, 1884, 1883, 0, 6.02%, 20, 0, 2, 13.97
1635849661, 0, 1, 1884, 1883, 207, 6.02%, 20, 0, 2, 14.60
1635849696, 0, 7, 1884, 1882, 206, 6.02%, 20, 0, 2, 20.70
1635849855, 0, 111, 1884, 1881, 205, 6.02%, 20, 0, 2, 20.13
1635926313, 0, 178, 1884, 1880, 205, 6.02%, 20, 0, 2, 19.24
1635962103, 0, 178, 1884, 1880, 205, 6.02%, 21, 0, 2, 19.55
