# unix_time, cycles_done, cur_path, paths_total, pending_total, pending_favs, map_size, unique_crashes, unique_hangs, max_depth, execs_per_sec
1636213894, 0, 0, 1291, 1291, 207, 6.10%, 0, 0, 1, 13.06
1636213899, 0, 2, 1291, 1291, 207, 6.10%, 0, 0, 1, 18.72
1636213925, 0, 2, 1291, 1290, 206, 6.10%, 0, 0, 1, 15.26
1636214417, 0, 3, 1291, 1290, 206, 6.10%, 0, 0, 1, 14.42
1636214539, 0, 3, 1291, 1290, 206, 6.10%, 1, 0, 1, 18.86
1636220628, 0, 3, 1291, 1290, 206, 6.10%, 2, 0, 1, 19.28
1636224918, 0, 3, 1291, 1290, 206, 6.10%, 3, 0, 1, 18.87
1636262465, 0, 3, 1291, 1290, 206, 6.10%, 4, 0, 1, 19.39
1636262470, 0, 3, 1291, 1290, 206, 6.10%, 7, 0, 1, 13.92
1636280928, 0, 4, 1291, 1289, 206, 6.10%, 7, 0, 1, 18.69
1636281082, 0, 7, 1291, 1288, 205, 6.10%, 7, 0, 1, 20.27
1636282273, 0, 7, 1291, 1288, 205, 6.10%, 8, 0, 1, 19.54
1636290014, 0, 7, 1291, 1288, 205, 6.10%, 10, 0, 1, 13.96
1636293509, 0, 8, 1291, 1287, 204, 6.10%, 10, 0, 1, 19.38
1636293693, 0, 10, 1291, 1286, 203, 6.10%, 10, 0, 1, 20.28
1636293785, 0, 10, 1291, 1286, 203, 6.10%, 11, 0, 1, 19.57
1636293842, 0, 10, 1291, 1286, 203, 6.10%, 12, 0, 1, 19.62
1636294447, 0, 10, 1291, 1286, 203, 6.10%, 13, 0, 1, 16.41
1636294682, 0, 10, 1295, 1289, 202, 6.10%, 13, 0, 1, 12.15
1636294687, 0, 10, 1300, 1294, 202, 6.10%, 13, 0, 1, 10.39
1636294692, 0, 10, 1306, 1300, 202, 6.10%, 13, 0, 1, 10.19
1636294697, 0, 10, 1312, 1306, 202, 6.10%, 13, 0, 1, 12.13
1636294702, 0, 10, 1318, 1312, 202, 6.11%, 13, 0, 1, 11.35
1636294707, 0, 10, 1326, 1320, 202, 6.11%, 13, 0, 1, 13.54
1636294712, 0, 10, 1332, 1326, 202, 6.11%, 13, 0, 1, 11.00
1636294718, 0, 10, 1338, 1332, 202, 6.11%, 13, 0, 1, 13.07
1636294723, 0, 10, 1345, 1339, 202, 6.11%, 13, 0, 1, 13.84
1636294728, 0, 10, 1353, 1347, 202, 6.11%, 13, 0, 1, 14.18
1636294733, 0, 10, 1359, 1353, 202, 6.11%, 13, 0, 1, 12.05
1636294738, 0, 10, 1364, 1358, 202, 6.11%, 13, 0, 1, 9.32
1636294743, 0, 10, 1372, 1366, 202, 6.11%, 13, 0, 1, 13.04
1636294748, 0, 10, 1378, 1372, 202, 6.11%, 13, 0, 1, 11.91
1636294753, 0, 10, 1385, 1379, 202, 6.11%, 13, 0, 1, 13.76
1636294758, 0, 10, 1390, 1384, 202, 6.11%, 13, 0, 1, 13.11
1636294763, 0, 10, 1391, 1385, 202, 6.11%, 13, 0, 1, 11.54
1636294799, 0, 11, 1391, 1385, 207, 6.11%, 13, 0, 1, 15.28
1636295060, 0, 15, 1391, 1384, 206, 6.11%, 13, 0, 1, 18.36
1636295739, 0, 15, 1391, 1384, 206, 6.11%, 14, 0, 1, 19.28
1636307457, 0, 23, 1391, 1383, 205, 6.11%, 14, 0, 1, 19.27
1636307610, 0, 26, 1391, 1382, 204, 6.11%, 14, 0, 1, 20.33
1636308310, 0, 35, 1391, 1381, 203, 6.11%, 14, 0, 1, 20.41
1636308366, 0, 35, 1395, 1384, 202, 6.11%, 14, 0, 1, 13.16
1636308372, 0, 35, 1401, 1390, 202, 6.11%, 14, 0, 1, 12.10
1636308377, 0, 35, 1406, 1395, 202, 6.11%, 14, 0, 1, 10.29
1636308382, 0, 35, 1413, 1402, 202, 6.11%, 14, 0, 1, 11.49
1636308387, 0, 35, 1420, 1409, 202, 6.11%, 14, 0, 1, 11.81
1636308392, 0, 35, 1425, 1414, 202, 6.11%, 14, 0, 1, 12.14
1636308407, 0, 39, 1425, 1414, 202, 6.11%, 14, 0, 1, 15.54
1636309219, 0, 39, 1425, 1414, 202, 6.11%, 15, 0, 1, 19.74
1636314205, 0, 39, 1425, 1414, 202, 6.11%, 16, 0, 1, 15.51
1636316305, 0, 77, 1425, 1413, 201, 6.11%, 16, 0, 1, 19.62
1636317569, 0, 77, 1425, 1413, 201, 6.11%, 17, 0, 1, 19.73
1636323642, 0, 77, 1425, 1413, 201, 6.11%, 18, 0, 1, 17.48
1636328521, 0, 84, 1425, 1412, 200, 6.11%, 18, 0, 1, 17.62
1636329562, 0, 84, 1425, 1412, 200, 6.11%, 19, 0, 1, 19.61
1636330159, 0, 84, 1425, 1412, 200, 6.11%, 20, 0, 1, 11.30
1636330246, 0, 84, 1425, 1412, 200, 6.11%, 21, 0, 1, 11.65
1636340881, 0, 84, 1425, 1412, 200, 6.11%, 25, 0, 1, 10.56
1636346412, 0, 84, 1425, 1412, 200, 6.11%, 26, 0, 1, 16.51
1636346417, 0, 104, 1425, 1411, 200, 6.11%, 26, 0, 1, 17.57
1636346544, 0, 104, 1425, 1411, 200, 6.11%, 27, 0, 1, 19.16
1636347006, 0, 104, 1426, 1412, 200, 6.11%, 27, 0, 2, 19.75
1636347939, 0, 105, 1426, 1411, 200, 6.11%, 27, 0, 2, 18.40
1636351362, 0, 105, 1426, 1411, 200, 6.11%, 28, 0, 2, 16.45
1636381989, 0, 105, 1426, 1411, 200, 6.11%, 29, 0, 2, 12.95
1636381994, 0, 105, 1427, 1411, 199, 6.11%, 30, 0, 2, 13.72
1636381999, 0, 105, 1433, 1417, 199, 6.12%, 30, 0, 2, 11.60
1636382004, 0, 105, 1441, 1425, 199, 6.12%, 30, 0, 2, 14.72
1636382009, 0, 105, 1447, 1431, 199, 6.12%, 30, 0, 2, 11.97
1636382014, 0, 105, 1455, 1439, 199, 6.12%, 30, 0, 2, 13.50
1636382019, 0, 105, 1461, 1445, 199, 6.12%, 30, 0, 2, 11.88
1636382025, 0, 105, 1468, 1452, 199, 6.12%, 30, 0, 2, 13.31
1636382030, 0, 105, 1475, 1459, 199, 6.12%, 30, 0, 2, 13.17
1636382035, 0, 105, 1483, 1467, 199, 6.12%, 30, 0, 2, 13.18
1636382040, 0, 105, 1489, 1473, 199, 6.12%, 30, 0, 2, 11.23
1636382045, 0, 105, 1496, 1480, 199, 6.12%, 30, 0, 2, 11.09
1636382050, 0, 105, 1501, 1485, 199, 6.12%, 30, 0, 2, 10.91
1636382056, 0, 105, 1507, 1491, 199, 6.12%, 30, 0, 2, 10.89
1636382061, 0, 105, 1512, 1496, 199, 6.12%, 30, 0, 2, 10.35
1636382066, 0, 105, 1518, 1502, 199, 6.12%, 30, 0, 2, 11.15
1636382071, 0, 105, 1524, 1508, 199, 6.12%, 30, 0, 2, 11.20
1636382076, 0, 105, 1527, 1511, 199, 6.12%, 30, 0, 2, 7.32
1636382081, 0, 105, 1531, 1515, 199, 6.12%, 30, 0, 2, 7.30
1636382086, 0, 105, 1535, 1519, 199, 6.12%, 30, 0, 2, 8.81
1636382092, 0, 105, 1541, 1525, 199, 6.12%, 30, 0, 2, 10.65
1636382097, 0, 105, 1545, 1529, 199, 6.12%, 30, 0, 2, 7.79
1636382102, 0, 105, 1551, 1535, 199, 6.12%, 30, 0, 2, 9.75
1636382107, 0, 105, 1552, 1536, 199, 6.12%, 30, 0, 2, 8.99
1636382164, 0, 115, 1552, 1536, 203, 6.12%, 30, 0, 2, 11.76
1636382291, 0, 115, 1552, 1536, 203, 6.12%, 31, 0, 2, 19.66
1636387513, 0, 115, 1552, 1536, 203, 6.12%, 32, 0, 2, 19.44
1636408142, 0, 115, 1552, 1536, 203, 6.12%, 33, 0, 2, 15.57
1636417826, 0, 116, 1552, 1535, 202, 6.12%, 33, 0, 2, 18.74
1636418008, 0, 116, 1552, 1535, 202, 6.12%, 34, 0, 2, 19.63
1636421050, 0, 117, 1552, 1534, 201, 6.12%, 34, 0, 2, 19.18
1636421121, 0, 117, 1552, 1534, 201, 6.12%, 35, 0, 2, 19.93
1636430179, 0, 118, 1552, 1533, 200, 6.12%, 35, 0, 2, 19.73
1636430492, 0, 118, 1552, 1533, 200, 6.12%, 36, 0, 2, 19.69
1636433825, 0, 118, 1552, 1533, 200, 6.12%, 37, 0, 2, 19.04
1636433830, 0, 123, 1552, 1532, 199, 6.12%, 37, 0, 2, 19.82
1636433881, 0, 123, 1552, 1532, 199, 6.12%, 38, 0, 2, 20.14
1636434005, 0, 123, 1552, 1532, 199, 6.12%, 39, 0, 2, 20.14
1636435026, 0, 123, 1555, 1534, 198, 6.12%, 39, 0, 2, 17.66
1636435031, 0, 123, 1562, 1541, 198, 6.13%, 39, 0, 2, 14.16
1636435036, 0, 123, 1567, 1546, 198, 6.13%, 39, 0, 2, 11.21
1636435041, 0, 123, 1573, 1552, 198, 6.13%, 39, 0, 2, 10.52
1636435046, 0, 123, 1578, 1557, 198, 6.13%, 39, 0, 2, 9.53
1636435051, 0, 123, 1583, 1562, 198, 6.13%, 39, 0, 2, 10.48
1636435056, 0, 123, 1591, 1570, 198, 6.13%, 39, 0, 2, 13.59
1636435062, 0, 123, 1597, 1576, 198, 6.13%, 39, 0, 2, 12.95
1636435067, 0, 123, 1603, 1582, 198, 6.13%, 39, 0, 2, 10.78
1636435072, 0, 123, 1608, 1587, 198, 6.13%, 39, 0, 2, 10.49
1636435077, 0, 123, 1610, 1589, 198, 6.13%, 39, 0, 2, 10.73
1636435092, 0, 123, 1611, 1590, 198, 6.13%, 39, 0, 2, 10.68
1636435103, 0, 127, 1611, 1590, 197, 6.13%, 39, 0, 2, 17.71
1636435281, 0, 127, 1611, 1590, 197, 6.13%, 40, 0, 2, 19.69
1636436742, 0, 129, 1611, 1589, 196, 6.13%, 40, 0, 2, 18.75
1636477266, 0, 130, 1611, 1588, 196, 6.13%, 40, 0, 2, 18.82
1636477409, 0, 130, 1611, 1588, 196, 6.13%, 41, 0, 2, 19.61
1636491042, 0, 135, 1611, 1587, 195, 6.13%, 41, 0, 2, 19.09
1636491804, 0, 135, 1611, 1587, 195, 6.13%, 42, 0, 2, 18.99
1636506946, 0, 136, 1611, 1586, 194, 6.13%, 42, 0, 2, 19.03
1636507931, 0, 136, 1611, 1586, 194, 6.13%, 43, 0, 2, 19.72
1636514806, 0, 136, 1611, 1586, 194, 6.13%, 44, 0, 2, 15.38
1636517607, 0, 136, 1616, 1590, 193, 6.14%, 44, 0, 2, 13.79
1636517612, 0, 136, 1622, 1596, 193, 6.14%, 44, 0, 2, 11.47
1636517617, 0, 136, 1628, 1602, 193, 6.14%, 44, 0, 2, 10.61
1636517622, 0, 136, 1634, 1608, 193, 6.14%, 44, 0, 2, 9.95
1636517628, 0, 136, 1640, 1614, 193, 6.14%, 44, 0, 2, 10.14
1636517633, 0, 136, 1646, 1620, 193, 6.14%, 44, 0, 2, 11.03
1636517638, 0, 136, 1653, 1627, 193, 6.14%, 44, 0, 2, 12.29
1636517643, 0, 136, 1659, 1633, 193, 6.14%, 44, 0, 2, 11.67
1636517648, 0, 136, 1668, 1642, 193, 6.14%, 44, 0, 2, 14.37
1636517653, 0, 136, 1675, 1649, 193, 6.14%, 44, 0, 2, 12.05
1636517659, 0, 136, 1680, 1654, 193, 6.14%, 44, 0, 2, 9.92
1636517664, 0, 136, 1681, 1655, 193, 6.14%, 44, 0, 2, 10.27
1636517689, 0, 143, 1681, 1655, 193, 6.14%, 44, 0, 2, 13.94
1636517833, 0, 143, 1681, 1655, 193, 6.14%, 45, 0, 2, 19.53
1636518994, 0, 143, 1681, 1655, 193, 6.14%, 46, 0, 2, 13.58
1636519358, 0, 149, 1681, 1654, 192, 6.14%, 46, 0, 2, 19.72
1636520819, 0, 149, 1681, 1654, 192, 6.14%, 47, 0, 2, 19.47
1636533832, 0, 156, 1681, 1653, 191, 6.14%, 47, 0, 2, 19.62
1636535012, 0, 156, 1681, 1653, 191, 6.14%, 48, 0, 2, 19.62
1636536034, 0, 156, 1681, 1653, 191, 6.14%, 49, 0, 2, 19.95
1636546255, 0, 169, 1681, 1652, 190, 6.14%, 49, 0, 2, 19.55
1636550528, 0, 169, 1681, 1652, 190, 6.14%, 50, 0, 2, 19.46
